# t a s_a
0.000000000000000000e+00 1.088202617298383359e+02 3.827324300122681322e+00
1.002004008016032062e-04 1.208630376288761425e+02 3.424228053195387256e-01
2.004008016032064125e-04 1.425183121005669875e+02 1.096346845665798497e+01
3.006012024048096052e-04 1.674174089219708605e+02 2.342158013445365228e+00
4.008016032064128250e-04 1.838916232136011217e+02 3.474506524985632616e+00
5.010020040080159906e-04 1.876886010675744956e+02 5.812684768603252117e+00
6.012024048096192104e-04 2.149559166325327908e+02 1.632634526234495098e+01
7.014028056112224302e-04 2.266192013073442979e+02 1.567767724308454014e+01
8.016032064128256500e-04 2.435030505579217959e+02 1.179157930637687812e+01
9.018036072144288698e-04 2.621227337798492840e+02 1.301428071664760822e+01
1.002004008016031981e-03 2.761852225857391545e+02 8.952602728899298867e+00
1.102204408817635201e-03 2.974162097910881926e+02 1.374964066392989892e+01
1.202404809619238421e-03 3.078572629752407579e+02 1.332211654594501837e+01
1.302605210420841641e-03 3.177410325835631966e+02 1.968624689786020099e+01
1.402805611222444860e-03 3.315552101920404198e+02 6.600563201340828634e+00
1.503006012024048080e-03 3.422830000155354924e+02 1.758189532960280133e+00
1.603206412825651300e-03 3.583958245106416030e+02 4.986902749098274690e+00
1.703406813627254520e-03 3.592029647696061829e+02 1.047972155968052732e+01
1.803607214428857740e-03 3.700544500390438429e+02 2.842796708072146128e+00
1.903807615230460959e-03 3.714046968362345069e+02 1.742668780655631267e+01
2.004008016032063962e-03 3.689949752699754413e+02 2.226056809483204724e+00
2.104208416833667182e-03 3.899888246888302774e+02 9.130792180417962811e+00
2.204408817635270402e-03 3.948616335556756667e+02 1.681218215494433466e+01
2.304609218436873622e-03 3.894916638217275704e+02 8.889713580954499150e+00
2.404809619238476841e-03 4.060496108076943074e+02 2.421179609851229930e+00
2.505010020040080061e-03 3.877582917521739319e+02 8.887202573536308492e+00
2.605210420841683281e-03 3.944193856435593375e+02 9.367424635352572082e+00
2.705410821643286501e-03 3.912512223975566599e+02 1.412327706037443065e+01
2.805611222444889721e-03 3.966931499509054788e+02 2.369586905226602980e+01
2.905811623246492940e-03 3.920777706813281043e+02 8.640523004976479626e+00
3.006012024048096160e-03 3.800855920974910873e+02 2.239604058661736730e+01
3.106212424849699380e-03 3.746826632907610701e+02 4.014990550902874489e+00
3.206412825651302600e-03 3.607623187724225886e+02 1.224870564193659739e+01
3.306613226452905820e-03 3.466665538777544953e+02 6.485610634357618087e-01
3.406813627254509039e-03 3.451957238301429811e+02 1.279689173204239516e+01
3.507014028056112259e-03 3.371167358540002965e+02 5.854312042777726433e+00
3.607214428857715479e-03 3.309643763385115562e+02 2.616454457109007148e+00
3.707414829659318699e-03 3.184278396389784689e+02 1.822447837899429324e+00
3.807615230460921919e-03 2.972576715889771890e+02 2.028968407666670526e+00
3.907815631262525138e-03 2.836899659700826533e+02 1.098827793093138050e+00
4.008016032064127925e-03 2.652511413288876838e+02 2.134800489101688736e+00
4.108216432865731578e-03 2.480306940667724689e+02 1.208573653733221320e+01
4.208416833667334364e-03 2.306424773967553961e+02 2.420198298702195050e+00
4.308617234468938018e-03 2.324409020365158085e+02 1.518261170355705403e+01
4.408817635270540804e-03 2.031881109509619137e+02 3.846454231425177728e+00
4.509018036072144457e-03 1.861992440259663795e+02 4.438360931551978084e+00
4.609218436873747243e-03 1.644520042557423949e+02 1.078197303714237876e+01
4.709418837675350897e-03 1.566733472478823614e+02 2.559184666344096470e+01
4.809619238476953683e-03 1.266012181398143071e+02 1.181378601288285779e+01
4.909819639278557336e-03 1.153787017661459373e+02 6.319037580051673153e+00
5.010020040080160122e-03 9.369598826542441827e+01 1.639285724525866295e+00
5.110220440881763776e-03 8.187037672094874097e+01 9.632135592119682732e-01
5.210420841683366562e-03 5.924818819383384749e+01 9.424681192203937741e+00
5.310621242484970216e-03 3.794088287291371842e+01 2.675947462353476691e+00
5.410821643286573002e-03 2.599132597301932179e+01 6.780257815644503694e+00
5.511022044088176655e-03 1.087826606702096299e+01 1.297845790651098774e+01
5.611222444889779441e-03 -7.941793746837680246e+00 2.364173817141180223e+01
5.711422845691383095e-03 -2.332151023466477113e+01 2.033418170524324831e-01
5.811623246492985881e-03 -4.404849772714592149e+01 1.347925422629120362e+01
5.911823647294589534e-03 -5.815429474292046308e+01 7.615733882565589141e+00
6.012024048096192320e-03 -7.452681146658093780e+01 2.011256681463137141e+01
6.112224448897795974e-03 -8.708856292427027768e+01 4.459542645585702347e-01
6.212424849699398760e-03 -1.027301728852938538e+02 1.950696971513811828e+00
6.312625250501002414e-03 -1.198648982538819183e+02 1.781562855705591275e+01
6.412825651302605200e-03 -1.220620963706654578e+02 7.290446587946957102e+00
6.513026052104207986e-03 -1.357753145829391030e+02 1.965574007287849145e+00
6.613226452905811639e-03 -1.517943872158132592e+02 3.547576931132180977e+00
6.713426853707414425e-03 -1.502284132544984914e+02 6.168865543932787965e+00
6.813627254509018079e-03 -1.649657534082189443e+02 8.627898917576322380e-02
6.913827655310620865e-03 -1.670145971650694889e+02 5.270042084546596506e+00
7.014028056112224518e-03 -1.694063427932427714e+02 4.537819126356840371e+00
7.114228456913827305e-03 -1.770953069899419177e+02 1.829740411004531353e+01
7.214428857715430958e-03 -1.756254855684424285e+02 3.700572191014953050e-01
7.314629258517033744e-03 -1.899600175016032892e+02 7.679024077327037290e+00
7.414829659318637398e-03 -1.831104498952988422e+02 5.898798207345194555e+00
7.515030060120240184e-03 -1.887515615385622141e+02 3.638588099707899204e+00
7.615230460921843837e-03 -1.887566297626719631e+02 8.056265075393678643e+00
7.715430861723446623e-03 -1.852469768277284174e+02 1.118311924321632134e+01
7.815631262525050277e-03 -1.807451472900673366e+02 1.310540115414123186e+00
7.915831663326653930e-03 -1.746398102100410483e+02 1.133079879559721803e+01
8.016032064128255849e-03 -1.753966021347057165e+02 1.951804101481602061e+01
8.116232464929859503e-03 -1.586565322617272216e+02 6.598917297294979889e+00
8.216432865731463156e-03 -1.533885612242762875e+02 1.139802455426774053e+01
8.316633266533066809e-03 -1.549515562087409819e+02 7.849575212405000890e+00
8.416833667334668728e-03 -1.304145852979507083e+02 5.543096265713009174e+00
8.517034068136272382e-03 -1.180325283432885612e+02 4.706376581547914384e+00
8.617234468937876035e-03 -1.103870281267577411e+02 2.169495699366490005e+00
8.717434869739479689e-03 -1.051079870813275363e+02 4.453932508947973545e+00
8.817635270541081607e-03 -9.669698102812421325e+01 3.923889981496367252e+00
8.917835671342685261e-03 -7.246523877006629277e+01 3.046143054799926730e+01
9.018036072144288914e-03 -6.546195582857140494e+01 5.433118913875196299e+00
9.118236472945892568e-03 -4.241422562983505173e+01 4.390429576720425331e+00
9.218436873747494487e-03 -3.199718514285334336e+01 2.195410283312132727e+00
9.318637274549098140e-03 -1.216129647617853138e+01 1.084036620671934514e+01
9.418837675350701794e-03 1.173571069941124811e+00 3.517801106813582823e+00
9.519038076152305447e-03 1.973731740615704311e+01 3.792355335355867663e+00
9.619238476953907366e-03 3.337906201765527214e+01 4.700328827008747545e+00
9.719438877755511019e-03 5.961920302536953642e+01 2.167314705755386317e+00
9.819639278557114673e-03 6.885979435274923333e+01 9.301565025243212048e+00
9.919839679358716591e-03 8.787298584005161217e+01 1.785890920873291599e+00
1.002004008016032024e-02 1.129490339638267216e+02 1.550429345083481003e+01
1.012024048096192390e-02 1.144271424577263048e+02 4.173188210318354407e+00
1.022044088176352755e-02 1.323388077171882742e+02 9.443684908242937937e+00
1.032064128256512947e-02 1.608868890250130050e+02 2.381031478323121231e+00
1.042084168336673312e-02 1.672778711526446500e+02 1.405962916267899310e+01
1.052104208416833678e-02 1.996526808219676923e+02 5.900576458695397264e+00
1.062124248496994043e-02 2.042789923612501184e+02 1.104894050659278371e+00
1.072144288577154235e-02 2.185792603107380216e+02 1.660699811869263343e+01
1.082164328657314600e-02 2.473949761276897448e+02 1.151478731400921607e+00
1.092184368737474966e-02 2.600802922622873439e+02 3.791475628799227504e+00
1.102204408817635331e-02 2.762884456803959665e+02 1.742356197809230522e+01
1.112224448897795523e-02 2.850735975497722734e+02 1.303242754112315716e+01
1.122244488977955888e-02 2.890968386607032699e+02 6.051200840821666205e+00
1.132264529058116254e-02 3.150298067457038655e+02 8.955559855513239853e+00
1.142284569138276619e-02 3.153861225138684290e+02 1.319086397799670518e+00
1.152304609218436811e-02 3.311117904918233990e+02 4.047618120404974817e+00
1.162324649298597176e-02 3.412959348695207495e+02 2.238435633129106872e+00
1.172344689378757542e-02 3.442953438036431635e+02 3.296229821277380623e+00
1.182364729458917907e-02 3.556696267917314458e+02 1.285984007080292990e+01
1.192384769539078099e-02 3.637287108464684593e+02 1.506998398214271973e+01
1.202404809619238464e-02 3.664833993831177281e+02 6.764607323616232293e+00
1.212424849699398829e-02 3.635326743759208057e+02 3.820089555778202417e+00
1.222444889779559195e-02 3.738779597095505665e+02 2.242589342516403406e+00
1.232464929859719387e-02 3.812926084139670593e+02 3.022497304550700203e+00
1.242484969939879752e-02 3.723710104008251278e+02 3.751471166612838637e+00
1.252505010020040117e-02 3.751848791451238299e+02 1.226196191783019174e+01
1.262525050100200483e-02 3.727536249300038094e+02 1.833391992576012486e+00
1.272545090180360675e-02 3.820846246234802379e+02 1.670943032788857252e+01
1.282565130260521040e-02 3.730309984102109979e+02 5.613302044875710939e-01
1.292585170340681405e-02 3.674743455641026344e+02 1.385042735095726001e-02
1.302605210420841597e-02 3.563094424306496535e+02 6.872990371566634948e+00
1.312625250501001962e-02 3.565540275753212995e+02 1.174745464181114807e+00
1.322645290581162328e-02 3.431879696481483393e+02 4.661664260340307564e+00
1.332665330661322693e-02 3.384539624968185763e+02 3.702424407043429344e+00
1.342685370741482885e-02 3.259181022266261607e+02 4.538040410520010504e+00
1.352705410821643250e-02 3.223870369506413454e+02 4.032645401632468207e+00
1.362725450901803616e-02 3.109415401481643357e+02 9.180047698190454852e+00
1.372745490981963981e-02 2.952614747212857083e+02 2.524966270768724375e+00
1.382765531062124173e-02 2.857656861546849427e+02 8.203217972614217146e+00
1.392785571142284538e-02 2.650919184694502064e+02 1.359948541679484357e+01
1.402805611222444904e-02 2.492147370521808512e+02 9.038200727694680747e-01
1.412825651302605269e-02 2.443798780464491927e+02 1.367597239806713461e+01
1.422845691382765461e-02 2.279844560564165477e+02 1.034409886481518015e+01
1.432865731462925826e-02 2.148109438822749553e+02 9.962126403710660938e+00
1.442885771543086192e-02 2.076148265141531510e+02 1.217938511593150963e+01
1.452905811623246557e-02 1.841271084356671679e+02 3.049636378544204440e+00
1.462925851703406749e-02 1.582535068189171170e+02 1.028935492594854217e+01
1.472945891783567114e-02 1.515889834394701552e+02 7.228700756000490113e-01
1.482965931863727480e-02 1.224509138728144251e+02 6.006575576577884767e+00
1.492985971943887845e-02 1.096567727430568340e+02 1.552243180048560767e+01
1.503006012024048037e-02 9.453313505142011763e+01 2.869044880033464029e+00
1.513026052104208402e-02 8.639382003465281912e+01 2.320594275790741534e+01
1.523046092184368767e-02 5.716666411808719772e+01 3.171606262926887521e+00
1.533066132264529133e-02 3.999907027997078046e+01 5.200406145708678096e+00
1.543086172344689325e-02 2.712345027426990995e+01 2.256086544711037867e+00
1.553106212424849690e-02 8.091475709578757503e+00 4.497121002319925509e+00
1.563126252505010055e-02 1.207675052351602218e+00 6.727560892298173334e-01
1.573146292585170247e-02 -2.522485021151514317e+01 1.318395869644734120e+01
1.583166332665330786e-02 -4.046713540093686134e+01 3.707040032204534263e+00
1.593186372745490978e-02 -5.127003941869740089e+01 9.456157955562913386e+00
1.603206412825651170e-02 -6.531270200941192172e+01 9.327409107943777755e+00
1.613226452905811709e-02 -6.625332827130930013e+01 1.263068349102275434e+01
1.623246492985971901e-02 -8.351827399615989123e+01 4.524890926396464508e+00
1.633266533066132092e-02 -9.942994026726607615e+01 9.789614541262710024e-01
1.643286573146292631e-02 -1.167901917449919011e+02 4.481653626807080570e+00
1.653306613226452823e-02 -1.163878423066735053e+02 6.493379277303881203e+00
1.663326653306613362e-02 -1.346704449890730189e+02 2.342310502145217022e-01
1.673346693386773554e-02 -1.455313089700853482e+02 1.079194728112489088e+01
1.683366733466933746e-02 -1.390527661907403569e+02 2.004215715498915173e+01
1.693386773547094284e-02 -1.496138563912230666e+02 3.768765208508927600e+00
1.703406813627254476e-02 -1.517968549608137607e+02 5.457119740177823530e+00
1.713426853707414668e-02 -1.589877518850944682e+02 1.884585844979447700e+01
1.723446893787575207e-02 -1.594399500678135553e+02 1.945703083163958880e+01
1.733466933867735399e-02 -1.690733555139154589e+02 9.127834941352917397e+00
1.743486973947895938e-02 -1.720280845116440673e+02 2.195095557930452745e+00
1.753507014028056130e-02 -1.634293547859859643e+02 3.930629339800916000e+00
1.763527054108216321e-02 -1.697781372833983937e+02 9.389815726777852589e+00
1.773547094188376860e-02 -1.670815768437736324e+02 1.017020991413244602e+01
1.783567134268537052e-02 -1.627430344251239660e+02 1.422983496516106072e+01
1.793587174348697244e-02 -1.561822627676473587e+02 3.960865849565601948e+00
1.803607214428857783e-02 -1.528346447263123480e+02 5.914026678081107491e+00
1.813627254509017975e-02 -1.517471383132340179e+02 1.124419184510368197e+01
1.823647294589178514e-02 -1.409367113194405192e+02 7.553956956633383513e+00
1.833667334669338705e-02 -1.407500171054900306e+02 8.674074113549179899e+00
1.843687374749498897e-02 -1.175226352747207414e+02 6.564636749715314856e+00
1.853707414829659436e-02 -1.188130598681462828e+02 2.834554505274702407e+01
1.863727454909819628e-02 -1.056569977707050043e+02 2.116791021483675195e+01
1.873747494989979820e-02 -8.842823848992632918e+01 1.610878403449933671e+01
1.883767535070140359e-02 -8.020890235551634362e+01 3.576807186022112894e-01
1.893787575150300551e-02 -5.593528268276487125e+01 2.380745351219750461e+01
1.903807615230461089e-02 -5.662299555242888971e+01 3.305767562743739951e+00
1.913827655310621281e-02 -3.475517062588808415e+01 9.492464735582355928e+00
1.923847695390781473e-02 -2.169839436449286296e+01 1.502396569381712688e+01
1.933867735470942012e-02 -1.229231160849638016e+01 1.777666954733706461e+01
1.943887775551102204e-02 1.161614925991400327e+01 5.327027919795544797e+00
1.953907815631262396e-02 2.393339126249887272e+01 1.090749734434499985e+01
1.963927855711422935e-02 4.471818943782842126e+01 3.462494476473099603e+00
1.973947895791583126e-02 6.125762602850278427e+01 7.946363210714987524e+00
1.983967935871743318e-02 8.438514931211989278e+01 1.979672899449674617e+00
1.993987975951903857e-02 9.676321063861094274e+01 1.081935218477265259e+01
2.004008016032064049e-02 1.047635008096690683e+02 1.444940199073371723e+01
2.014028056112224588e-02 1.218931109495817964e+02 1.210542994123351690e+01
2.024048096192384780e-02 1.449554578039409876e+02 7.886692545093661799e+00
2.034068136272544972e-02 1.589225223415691630e+02 1.094638374712091355e+01
2.044088176352705510e-02 1.747939224638845985e+02 2.348215259487318907e+00
2.054108216432865702e-02 1.791507330164041889e+02 2.132153410570443697e+01
2.064128256513025894e-02 2.023897792527117758e+02 9.364457258311158938e+00
2.074148296593186433e-02 2.136707941480817396e+02 3.509517686967038586e-01
2.084168336673346625e-02 2.331255152068094105e+02 1.265077838088765994e+01
2.094188376753507164e-02 2.450592478285134632e+02 2.114970127318779980e+00
2.104208416833667356e-02 2.633301421703197889e+02 7.049213525074449649e+00
2.114228456913827547e-02 2.729481309616001568e+02 6.799748442451023500e+00
2.124248496993988086e-02 2.871810494306891428e+02 6.963266538610827894e+00
2.134268537074148278e-02 2.920631137945800901e+02 2.903971008038667811e+00
2.144288577154308470e-02 3.000340583822046483e+02 1.327782695957982995e+01
2.154308617234469009e-02 3.122424183385264769e+02 1.012814862173993635e+00
2.164328657314629201e-02 3.228825740203712371e+02 8.031413873416283877e+00
2.174348697394789739e-02 3.326438716940443214e+02 4.643376914354916174e+00
2.184368737474949931e-02 3.489009048285581116e+02 1.021790585588673039e+01
2.194388777555110123e-02 3.432992134917866451e+02 5.525406734167291667e+00
2.204408817635270662e-02 3.436646847163303278e+02 3.868708468506465437e+00
2.214428857715430854e-02 3.506579415065138505e+02 5.102927396336285781e+00
2.224448897795591046e-02 3.530085470635264073e+02 1.839254943403099363e+00
2.234468937875751585e-02 3.596575505536625883e+02 3.854897603756082702e+00
2.244488977955911777e-02 3.504484514271397870e+02 1.601836048972537085e+01
2.254509018036071968e-02 3.583475071970020167e+02 8.871809418450402163e+00
2.264529058116232507e-02 3.576708047148074456e+02 9.327890415064382879e+00
2.274549098196392699e-02 3.558904563235800538e+02 1.243319384455154974e+01
2.284569138276553238e-02 3.485783593412133996e+02 8.126740421090424604e+00
2.294589178356713430e-02 3.462187043886844435e+02 5.872593793998259315e+00
2.304609218436873622e-02 3.351571520587311852e+02 5.053583172644099619e+00
2.314629258517034160e-02 3.337273907466655487e+02 8.157915419939712365e+00
2.324649298597194352e-02 3.264689697495310838e+02 5.075176016573569981e+00
2.334669338677354544e-02 3.233545693386298581e+02 1.051880102551674057e+01
2.344689378757515083e-02 3.067187240265391210e+02 2.497200391587007218e+01
2.354709418837675275e-02 3.068011239632697880e+02 2.245321648371401935e+01
2.364729458917835814e-02 2.999723770185235594e+02 5.640085350738091030e+00
2.374749498997996006e-02 2.710063959195657617e+02 1.284552297992527237e+01
2.384769539078156197e-02 2.716406573242286981e+02 1.043434914946926417e+00
2.394789579158316736e-02 2.603914773487810521e+02 9.880019424937344752e+00
2.404809619238476928e-02 2.407122433054942974e+02 1.177628962482630826e+01
2.414829659318637120e-02 2.282531942135873066e+02 1.140196300934961648e+01
2.424849699398797659e-02 2.154177417617369770e+02 1.754986153742058619e+01
2.434869739478957851e-02 1.999949781594660863e+02 1.329884223095919804e+00
2.444889779559118390e-02 1.849582521065773335e+02 7.657021944780862732e+00
2.454909819639278581e-02 1.628201151631592154e+02 5.557869640828729807e+00
2.464929859719438773e-02 1.613970760014284735e+02 1.034931456629935298e-01
2.474949899799599312e-02 1.452692499815639167e+02 7.200337593416527682e+00
2.484969939879759504e-02 1.199032250236554802e+02 1.824256655937830018e+01
2.494989979959919696e-02 1.006631182686061692e+02 3.036039044620014060e+00
2.505010020040080235e-02 9.461542353281544138e+01 7.726948371023817153e+00
2.515030060120240427e-02 7.319900189593438711e+01 1.661598291114563608e+01
2.525050100200400965e-02 6.097155684463115932e+01 4.481952844233124900e+00
2.535070140280561157e-02 4.302748470129856884e+01 1.696181572828160711e+01
2.545090180360721349e-02 3.268433231007772122e+01 1.485770335470271708e-01
2.555110220440881888e-02 1.760372808145103818e+01 8.214059370248111946e+00
2.565130260521042080e-02 -4.234444977076948113e+00 6.705704503109099157e+00
2.575150300601202272e-02 -2.184162466325013341e+01 7.075056975105768586e+00
2.585170340681362811e-02 -3.668360512136736418e+01 3.976673458649516713e-01
2.595190380761523002e-02 -3.903269405360718025e+01 1.566994710861602513e+01
2.605210420841683194e-02 -6.076410776513127132e+01 4.513030371025260834e+00
2.615230460921843733e-02 -6.945899780612690222e+01 2.656879749662359291e+00
2.625250501002003925e-02 -8.133437780267226458e+01 7.231004937377981889e+00
2.635270541082164464e-02 -8.932197043033653472e+01 2.461212524791161760e-01
2.645290581162324656e-02 -1.086838585623696218e+02 7.199837301431654346e+00
2.655310621242484848e-02 -1.072005327966517569e+02 1.102906212955369725e+01
2.665330661322645386e-02 -1.138304437234939996e+02 1.016972745548716084e+00
2.675350701402805578e-02 -1.234449939994168375e+02 1.927938451307721623e-01
2.685370741482965770e-02 -1.319821800407782746e+02 1.849591246679636569e+01
2.695390781563126309e-02 -1.355601271895710909e+02 2.141666562000842156e+00
2.705410821643286501e-02 -1.387289855127029909e+02 4.990166379941828545e+00
2.715430861723447040e-02 -1.583047166122983072e+02 2.135122384354860847e-01
2.725450901803607232e-02 -1.374067322817206787e+02 9.191134448699436632e+00
2.735470941883767423e-02 -1.469978038108580449e+02 1.927538490652161762e+00
2.745490981963927962e-02 -1.529840596513072342e+02 3.650552165462576770e+00
2.755511022044088154e-02 -1.514605548754080360e+02 1.791327548041183704e+01
2.765531062124248346e-02 -1.458330533495896475e+02 5.858655113386084246e-01
2.775551102204408885e-02 -1.466965461145942413e+02 3.175430939301992606e+00
2.785571142284569077e-02 -1.531119694704834160e+02 1.632423302067983428e+01
2.795591182364729615e-02 -1.285206616131358999e+02 6.713415461452176825e-01
2.805611222444889807e-02 -1.343400428054768554e+02 1.489355962074480288e+01
2.815631262525049999e-02 -1.227116016464623840e+02 5.213037482757137298e+00
2.825651302605210538e-02 -1.244036408295512786e+02 6.119271927311578096e+00
2.835671342685370730e-02 -1.055266299718406344e+02 1.341496725583042604e+01
2.845691382765530922e-02 -1.032079050995753988e+02 4.768983689222224598e+00
2.855711422845691461e-02 -9.222754510690300833e+01 1.484495813800780883e+00
2.865731462925851653e-02 -9.036936932111461829e+01 5.290452383344316445e+00
2.875751503006012191e-02 -6.823903872432381945e+01 4.226286217088256691e+00
2.885771543086172383e-02 -5.932158362841244781e+01 1.359780725503813770e+01
2.895791583166332575e-02 -4.410813876069629202e+01 4.140081155796743184e-01
2.905811623246493114e-02 -4.102425858538074976e+01 7.578708604251660930e+00
2.915831663326653306e-02 -2.702636441003406631e+01 5.008409428482208936e-01
2.925851703406813498e-02 6.367610172284194903e-01 8.974009269018305091e+00
2.935871743486974036e-02 -2.023722572657348451e+00 1.312470367140996252e+01
2.945891783567134228e-02 1.711992515880168142e+01 8.589723884443422719e+00
2.955911823647294420e-02 3.831358471323942894e+01 8.989421564655359020e+00
2.965931863727454959e-02 4.819420818371209947e+01 7.458640654355352950e-01
2.975951903807615151e-02 6.588377327178827159e+01 1.077099069403994847e+01
2.985971943887775690e-02 7.636145194958787386e+01 4.246633024328657413e+00
2.995991983967935882e-02 9.566382504665108399e+01 8.299645975379618790e+00
3.006012024048096073e-02 1.027396253070948262e+02 1.411172063889611650e+01
3.016032064128256612e-02 1.329642680496675382e+02 7.858038268311725361e+00
3.026052104208416804e-02 1.393658752121584712e+02 5.746951846539464226e-01
3.036072144288576996e-02 1.516602451929411473e+02 3.912170521740162776e+00
3.046092184368737535e-02 1.732592747157391386e+02 9.409176145751134257e+00
3.056112224448897727e-02 1.821932110332648733e+02 4.052040803228880606e+00
3.066132264529058266e-02 1.920408945511794059e+02 4.980524046828566753e+00
3.076152304609218457e-02 2.057840799883349234e+02 2.619223734425047967e-01
3.086172344689378649e-02 2.293279927481012237e+02 1.688230027771432162e+01
3.096192384769539188e-02 2.378864831725558986e+02 1.124659825595527129e+00
3.106212424849699380e-02 2.502747290043269288e+02 5.324899192090677857e+00
3.116232464929859572e-02 2.679767141638312182e+02 6.450552734598769433e+00
3.126252505010020111e-02 2.679392010037660725e+02 1.011842432994189167e+01
3.136272545090180303e-02 2.802032293737613031e+02 6.579510447611686352e+00
3.146292585170340494e-02 2.914736740871730944e+02 4.683852342770516763e+00
3.156312625250500686e-02 3.026326576121067546e+02 1.735878997685713188e+01
3.166332665330661572e-02 3.099005777401890214e+02 6.677127205705589930e+00
3.176352705410821764e-02 3.157848421817617464e+02 1.681921740073137528e+01
3.186372745490981956e-02 3.231492739078565819e+02 8.525858471706470709e+00
3.196392785571142148e-02 3.282657490517206611e+02 2.295975560795144310e-01
3.206412825651302340e-02 3.296358907464737626e+02 1.114561184184125059e-01
3.216432865731463225e-02 3.326710219686524965e+02 1.149889987006237485e-01
3.226452905811623417e-02 3.406684521457643200e+02 8.376780419079452145e+00
3.236472945891783609e-02 3.364501079653554143e+02 5.911831037644297737e+00
3.246492985971943801e-02 3.357705482962919632e+02 6.677202863593993953e+00
3.256513026052103993e-02 3.396910247638118676e+02 3.269625954044573568e+00
3.266533066132264185e-02 3.392043181381087606e+02 3.300351145103116224e+00
3.276553106212425071e-02 3.490677078566449154e+02 2.225944331738258697e+01
3.286573146292585262e-02 3.311133090436007933e+02 1.370989006291121370e+01
3.296593186372745454e-02 3.352808340640086726e+02 5.098432421384790914e+00
3.306613226452905646e-02 3.293205539970244899e+02 3.248696157961860731e+00
3.316633266533065838e-02 3.137732644369395416e+02 9.971179807917595284e+00
3.326653306613226724e-02 3.168553426723811413e+02 3.060182433851780792e-01
3.336673346693386916e-02 2.995062737381762190e+02 6.964157844693558141e-01
3.346693386773547108e-02 2.837629919867541162e+02 5.157494276988904280e-01
3.356713426853707299e-02 2.909544108376480267e+02 8.672766288084277519e+00
3.366733466933867491e-02 2.692753114152254739e+02 8.483205228052325353e+00
3.376753507014028377e-02 2.697494353163349956e+02 3.256694688201741794e+00
3.386773547094188569e-02 2.528654980031266462e+02 4.704331448464818877e+00
3.396793587174348761e-02 2.527701439308298461e+02 3.114470715541555190e+00
3.406813627254508953e-02 2.374454108721968453e+02 2.395827598563913252e+00
3.416833667334669145e-02 2.169597735028569616e+02 3.698011663038032193e+00
3.426853707414829336e-02 2.024563860570637530e+02 9.725357891425369772e+00
3.436873747494990222e-02 1.860924926179048384e+02 2.133868247204537383e+01
3.446893787575150414e-02 1.758789258857751463e+02 4.064154936762061965e+00
3.456913827655310606e-02 1.623119942931598132e+02 1.931767015498399021e+00
3.466933867735470798e-02 1.472874045724551593e+02 7.557402888945425445e+00
3.476953907815630990e-02 1.351165011439457260e+02 5.391326367529899244e+00
3.486973947895791875e-02 1.223314645906188360e+02 7.496903447028966383e+00
3.496993987975952067e-02 1.062359087571203986e+02 3.280874761371180282e-01
3.507014028056112259e-02 8.571788598600625164e+01 2.582796632969944639e+01
3.517034068136272451e-02 6.746200493567266676e+01 1.153950363652009514e+01
3.527054108216432643e-02 6.670624147157916184e+01 3.479618559208458528e+00
3.537074148296592835e-02 4.184754025475604777e+01 1.353388858147713414e+01
3.547094188376753721e-02 2.768064184891063562e+01 1.032643101892129600e+01
3.557114228456913912e-02 1.427613049610452123e+01 4.367483374580073630e+00
3.567134268537074104e-02 -6.045370517196777982e+00 1.642965293530609117e+01
3.577154308617234296e-02 -1.253022190655728352e+01 4.060717962598319630e+00
3.587174348697394488e-02 -2.539501459549689244e+01 5.352701645328444613e+00
3.597194388777555374e-02 -3.224707477644102482e+01 2.540520838501602041e-01
3.607214428857715566e-02 -4.365621504741359615e+01 1.154184030494019098e+01
3.617234468937875758e-02 -5.833079372297686405e+01 1.725044164928659196e+00
3.627254509018035949e-02 -6.424950710739273063e+01 2.106202134206362486e-01
3.637274549098196141e-02 -7.708501965732180849e+01 9.945445703071175148e-01
3.647294589178357027e-02 -8.801814637843257572e+01 2.273927751211284765e+00
3.657314629258517219e-02 -9.553348981878191637e+01 1.016738648609768880e+01
3.667334669338677411e-02 -1.049010474882266948e+02 1.147753247707981705e+00
3.677354709418837603e-02 -1.127138490187043374e+02 3.087512418366131328e+00
3.687374749498997795e-02 -1.180264577446130971e+02 1.370759982543060573e+01
3.697394789579157987e-02 -1.274099730107989643e+02 8.656529228158532874e+00
3.707414829659318872e-02 -1.245648020014251500e+02 1.081376034458189750e+01
3.717434869739479064e-02 -1.342292510438314252e+02 6.313759884493888030e+00
3.727454909819639256e-02 -1.274397744580120957e+02 2.413377914531045665e+00
3.737474949899799448e-02 -1.343589726250175715e+02 8.781903428100731546e+00
3.747494989979959640e-02 -1.334028372585493400e+02 6.993804835878171033e+00
3.757515030060120526e-02 -1.307937462832180415e+02 1.061222287445909274e+01
3.767535070140280717e-02 -1.287357318257239740e+02 2.224770102429202812e+00
3.777555110220440909e-02 -1.375779741083592853e+02 8.589199078076715566e+00
3.787575150300601101e-02 -1.276251524203854046e+02 5.095427701128949494e-01
3.797595190380761293e-02 -1.181623632230914325e+02 1.794229271489721000e+01
3.807615230460922179e-02 -1.261503989555936869e+02 1.326461642365693372e+01
3.817635270541082371e-02 -1.099646557193816108e+02 9.646064242062639238e+00
3.827655310621242563e-02 -1.165885916142775613e+02 5.989468311627604846e-01
3.837675350701402754e-02 -1.030287499731263949e+02 2.125230447703092107e+00
3.847695390781562946e-02 -8.955459869276545248e+01 7.621145119224981279e+00
3.857715430861723138e-02 -8.912233484651821414e+01 8.877801366359353352e+00
3.867735470941884024e-02 -7.615306291747721446e+01 9.363985435524595502e+00
3.877755511022044216e-02 -6.830618655511129589e+01 5.256405931019396682e+00
3.887775551102204408e-02 -4.180418433479250950e+01 2.711701846373109070e+00
3.897795591182364600e-02 -3.774191992936668782e+01 8.014968853943747362e+00
3.907815631262524791e-02 -2.371140305526441239e+01 6.471814318477607131e+00
3.917835671342685677e-02 -1.516091613591260945e+01 4.722471500878487660e+00
3.927855711422845869e-02 -2.879427079837225012e+00 9.304084961111163565e+00
3.937875751503006061e-02 4.123784888403500659e+00 1.753164023270199490e+00
3.947895791583166253e-02 2.439529026095699038e+01 1.421919871640436916e+01
3.957915831663326445e-02 3.597074419109726762e+01 1.997956079750004577e+01
3.967935871743486637e-02 5.821145192841787974e+01 8.565493082342094056e+00
3.977955911823647522e-02 7.393456279955532295e+01 1.541587399671787395e+01
3.987975951903807714e-02 8.997588483968310413e+01 2.594424587768152080e+01
3.997995991983967906e-02 1.013691812463030573e+02 4.040322938509371298e+00
4.008016032064128098e-02 1.085687309005669334e+02 1.461732688261408164e+01
4.018036072144288290e-02 1.203730073506252012e+02 6.834397667886817906e+00
4.028056112224449176e-02 1.440543106267107873e+02 3.675448960222690076e+00
4.038076152304609368e-02 1.560926291393555800e+02 1.903115575939396953e+00
4.048096192384769559e-02 1.593247496300130308e+02 8.517291972535899092e+00
4.058116232464929751e-02 1.835126732180044371e+02 1.822723600127959287e+01
4.068136272545089943e-02 1.990338854928758110e+02 5.215796779933731031e+00
4.078156312625250829e-02 2.080882152338017761e+02 1.184686590411551954e+01
4.088176352705411021e-02 2.192566061715835133e+02 9.606933984606596866e+00
4.098196392785571213e-02 2.280394387249370425e+02 1.329062846539682319e+01
4.108216432865731405e-02 2.362018817821150662e+02 8.174930976162265495e+00
4.118236472945891596e-02 2.582097309907231875e+02 1.401347293039310493e+01
4.128256513026051788e-02 2.628112798094746836e+02 1.030438267415604692e+01
4.138276553106212674e-02 2.726736986470080524e+02 2.047323613057961822e+01
4.148296593186372866e-02 2.912877150541610263e+02 1.226621659396615449e+01
4.158316633266533058e-02 2.940947426217960015e+02 9.674461500502349764e+00
4.168336673346693250e-02 2.998086501382917959e+02 5.535254802238956939e-01
4.178356713426853442e-02 3.051534656520780686e+02 2.639373485926878704e+00
4.188376753507014327e-02 3.177134694019225662e+02 3.528166064943783375e+00
4.198396793587174519e-02 3.235421240858418059e+02 1.527744235454086885e+00
4.208416833667334711e-02 3.235647202404388736e+02 1.298686722163090224e+01
4.218436873747494903e-02 3.249290807090208659e+02 1.276075346006187594e+01
4.228456913827655095e-02 3.137623364041285186e+02 1.325014052886815286e+01
4.238476953907815287e-02 3.261803844157859089e+02 2.053325637779596757e+00
4.248496993987976172e-02 3.253426289186493818e+02 4.513401543201027710e-01
4.258517034068136364e-02 3.259987710403768801e+02 2.339624806020058045e+01
4.268537074148296556e-02 3.288875626987189662e+02 2.764328450158371808e+00
4.278557114228456748e-02 3.082313242230239894e+02 2.595769818340394330e+00
4.288577154308616940e-02 3.159646420282937243e+02 3.644812492405055782e+00
4.298597194388777826e-02 3.161798499788741310e+02 1.471321956142338294e+01
4.308617234468938018e-02 3.076697763551877642e+02 1.592770754417483658e+01
4.318637274549098209e-02 2.972679412166909287e+02 2.585726316767712696e+00
4.328657314629258401e-02 3.022440315128905013e+02 3.083312459593452459e+00
4.338677354709418593e-02 2.920552169044714788e+02 1.378083467064077183e+01
4.348697394789579479e-02 2.778415391978503521e+02 3.119761079162129302e+00
4.358717434869739671e-02 2.755844869675601103e+02 8.402903954793064401e+00
4.368737474949899863e-02 2.687541550446106839e+02 1.006831752298983851e+01
4.378757515030060055e-02 2.546689901937013190e+02 1.681576716267327498e+01
4.388777555110220246e-02 2.480425965999106381e+02 7.922866618061449095e+00
4.398797595190380438e-02 2.332720527537361477e+02 5.316059080114548863e+00
4.408817635270541324e-02 2.192342542488814843e+02 3.658487879168581980e+00
4.418837675350701516e-02 2.032785111379263299e+02 1.297825266973585556e+01
4.428857715430861708e-02 1.960954176182723643e+02 4.811151263888354457e+00
4.438877755511021900e-02 1.845804944343686316e+02 2.759355114021582267e+01
4.448897795591182092e-02 1.747582901244465461e+02 7.466797825114956932e-01
4.458917835671342977e-02 1.563126355553800408e+02 2.587164402297460697e+00
4.468937875751503169e-02 1.454770225398414993e+02 2.756006739840563657e+00
4.478957915831663361e-02 1.245159051499680913e+02 1.435049386789154546e+01
4.488977955911823553e-02 1.114771454416986245e+02 5.072389511096152326e+00
4.498997995991983745e-02 1.008473455950629756e+02 1.162297003871491041e+00
4.509018036072143937e-02 8.214828877179239441e+01 9.474885949068795554e+00
4.519038076152304823e-02 7.761328459801207202e+01 2.444434559616325942e+00
4.529058116232465014e-02 6.204177882638474273e+01 1.401344831291959636e+01
4.539078156312625206e-02 4.751358497647252932e+01 4.103817936578705527e+00
4.549098196392785398e-02 3.443615554586253324e+01 5.289436184165822397e+00
4.559118236472945590e-02 2.975459525811625738e+01 2.461477886848441710e+00
4.569138276553106476e-02 4.548480934851467872e+00 8.635196583813145921e+00
4.579158316633266668e-02 -1.648522818193779216e+01 8.047537406378692637e+00
4.589178356713426860e-02 -1.641811689145370678e+01 2.346647030526561650e+01
4.599198396793587051e-02 -2.912331296965682270e+01 1.279161107028258293e+01
4.609218436873747243e-02 -4.238792476749877380e+01 3.655510899860372920e+00
4.619238476953908129e-02 -5.505628702571448940e+01 9.380925409056455777e+00
4.629258517034068321e-02 -6.211139150449937318e+01 2.967331724941133508e+00
4.639278557114228513e-02 -6.811574356247420781e+01 8.299861590811032031e+00
4.649298597194388705e-02 -7.996199432472000979e+01 4.961023339825623601e+00
4.659318637274548897e-02 -7.309714441210768143e+01 7.480498268034107001e-01
4.669338677354709088e-02 -9.692987794622206366e+01 1.223198363881738693e-01
4.679358717434869974e-02 -1.022907258046617471e+02 1.569259614535904390e+01
4.689378757515030166e-02 -1.151723458368425952e+02 6.904290243830489615e+00
4.699398797595190358e-02 -1.070619123585000523e+02 7.966721083646714163e+00
4.709418837675350550e-02 -1.221603477878001769e+02 6.579260925367952595e+00
4.719438877755510742e-02 -1.176896828669806183e+02 9.688826385630507687e+00
4.729458917835671627e-02 -1.184295599615401642e+02 2.255816635688035365e+00
4.739478957915831819e-02 -1.217963359713751288e+02 1.389145315677927428e+01
4.749498997995992011e-02 -1.098839258518257651e+02 2.014060154918468015e+01
4.759519038076152203e-02 -1.130708614865980763e+02 3.067657760270045664e+00
4.769539078156312395e-02 -1.100489211430356704e+02 4.063031304450625214e+00
4.779559118236473281e-02 -1.188023886968426694e+02 8.640449911023695861e+00
4.789579158316633473e-02 -1.056470007849220281e+02 1.435795117163205514e+00
4.799599198396793664e-02 -1.048770376384417489e+02 3.820254489503835948e+00
4.809619238476953856e-02 -9.875116534336234508e+01 3.595043995710101470e+00
4.819639278557114048e-02 -9.191613070674152652e+01 1.445668169337359421e+00
4.829659318637274240e-02 -9.528926930963753250e+01 3.615992807816197807e+00
4.839679358717435126e-02 -8.580221977960236757e+01 1.064585136127851683e+01
4.849699398797595318e-02 -7.158485574545474606e+01 9.378802311514517598e+00
4.859719438877755510e-02 -8.070694071060029273e+01 4.331079531513436720e+00
4.869739478957915702e-02 -5.074147439548671912e+01 4.059417271884834477e+00
4.879759519038075893e-02 -4.580697397233772250e+01 7.243685048699644469e+00
4.889779559118236779e-02 -3.849029843765965353e+01 1.385261546722230364e+01
4.899799599198396971e-02 -2.631461050033562543e+01 3.030982534240727055e+00
4.909819639278557163e-02 -2.123208038741228521e+01 4.410329072731514088e+00
4.919839679358717355e-02 -6.052802924987212840e+00 1.787928657331798510e+00
4.929859719438877547e-02 1.337498484403464261e+01 7.994223995430965957e+00
4.939879759519037739e-02 2.688890155381071878e+01 2.407875097419384325e+00
4.949899799599198624e-02 4.670365233247446213e+01 2.891205052788121677e+00
4.959919839679358816e-02 4.592397819554899741e+01 4.128708204461746689e+00
4.969939879759519008e-02 5.626714134083679397e+01 1.983988968200457448e+00
4.979959919839679200e-02 7.039747868088566918e+01 9.419230031014657056e-01
4.989979959919839392e-02 8.137632806786277229e+01 1.147610944843135350e+01
5.000000000000000278e-02 9.961072622029664103e+01 3.581140754798567194e+00
